ETITLE:      TS           BOND          ANGLE          DIHED          IMPRP               ELECT            VDW       BOUNDARY           MISC        KINETIC               TOTAL           TEMP      POTENTIAL         TOTAL3        TEMPAVG            PRESSURE      GPRESSURE         VOLUME       PRESSAVG      GPRESSAVG
ENERGY:       0         0.0000         0.0000         0.0000         0.0000          -5460.6262       775.2765         0.0000         0.0000         0.0000          -4685.3498         0.0000     -4685.3498     -4684.5917         0.0000           6516.2573      6528.3349     23823.1240      6516.2573      6528.3349
ENERGY:    5000         0.0000         0.0000         0.0000         0.0000          -5696.7997       527.9089         0.0000         0.0000       936.7779          -4232.1130       297.6061     -5168.8909     -4231.3958       280.4154            184.8982       182.6980     23569.6721      -209.0498      -208.9343
ENERGY:   10000         0.0000         0.0000         0.0000         0.0000          -5519.5975       420.7331         0.0000         0.0000       947.4248          -4151.4396       300.9886     -5098.8644     -4148.4868       298.6988           -402.4403      -397.7241     23403.2721      -223.4562      -223.4665
ENERGY:   15000         0.0000         0.0000         0.0000         0.0000          -5654.7847       448.8003         0.0000         0.0000       926.5215          -4279.4630       294.3477     -5205.9845     -4277.1077       303.8433             93.4286       128.3195     22952.3445      -192.8459      -192.9541
ENERGY:   20000         0.0000         0.0000         0.0000         0.0000          -5634.7656       447.4670         0.0000         0.0000       939.1843          -4248.1143       298.3706     -5187.2986     -4245.6607       298.3650            238.2366       259.8401     22969.9016      -252.3633      -252.4785
ENERGY:   25000         0.0000         0.0000         0.0000         0.0000          -5575.3284       384.8008         0.0000         0.0000       921.8969          -4268.6307       292.8786     -5190.5277     -4267.2956       298.4376           -453.5406      -439.1206     22839.7878      -276.4829      -276.3625
ENERGY:   30000         0.0000         0.0000         0.0000         0.0000          -5609.6137       398.6457         0.0000         0.0000       927.7015          -4283.2665       294.7226     -5210.9680     -4280.5719       297.9137           -602.9794      -586.8151     22873.6292      -263.2354      -263.4032
ENERGY:   35000         0.0000         0.0000         0.0000         0.0000          -5650.0850       413.3259         0.0000         0.0000       950.3143          -4286.4448       301.9065     -5236.7591     -4283.9397       301.4711            451.7588       472.0662     22443.1429      -231.1002      -231.1896
ENERGY:   40000         0.0000         0.0000         0.0000         0.0000          -5596.0971       390.6284         0.0000         0.0000       950.7157          -4254.7531       302.0340     -5205.4687     -4251.8707       301.2948           -209.0376      -182.5358     22678.9765      -186.6296      -186.7554
ENERGY:   45000         0.0000         0.0000         0.0000         0.0000          -5584.6531       387.8588         0.0000         0.0000       980.8245          -4215.9698       311.5993     -5196.7943     -4214.4902       302.6828            -83.7053       -74.9589     22613.2826      -284.0498      -283.9950
ENERGY:   50000         0.0000         0.0000         0.0000         0.0000          -5496.5662       342.4813         0.0000         0.0000       964.6229          -4189.4620       306.4522     -5154.0849     -4188.3809       303.4371           -480.6205      -464.4585     23026.0063      -189.0911      -189.2391
ENERGY:   55000         0.0000         0.0000         0.0000         0.0000          -5613.3681       429.0820         0.0000         0.0000       965.2404          -4219.0457       306.6484     -5184.2861     -4217.3997       304.8003             33.0229        61.4004     23048.7897      -210.8745      -210.7475
ENERGY:   60000         0.0000         0.0000         0.0000         0.0000          -5555.3313       350.2438         0.0000         0.0000       935.1979          -4269.8896       297.1041     -5205.0875     -4268.3289       303.0935           -954.5171      -951.4540     22892.5302      -233.3389      -233.2728
ENERGY:   65000         0.0000         0.0000         0.0000         0.0000          -5685.6331       410.1004         0.0000         0.0000       957.4512          -4318.0815       304.1738     -5275.5327     -4315.6261       296.9609           -220.7952      -195.7130     22775.6670      -265.1490      -265.0246
ENERGY:   70000         0.0000         0.0000         0.0000         0.0000          -5655.4604       415.6769         0.0000         0.0000       950.2235          -4289.5600       301.8777     -5239.7835     -4286.8057       297.2805              4.5618        41.5789     22505.8154      -203.0874      -203.0375
ENERGY:   75000         0.0000         0.0000         0.0000         0.0000          -5528.7196       398.8564         0.0000         0.0000      1002.2166          -4127.6466       318.3954     -5129.8632     -4125.0366       305.3858            113.8717       141.7977     22879.7863      -176.1977      -176.1686
ENERGY:   80000         0.0000         0.0000         0.0000         0.0000          -5598.6495       346.7302         0.0000         0.0000       931.1739          -4320.7454       295.8258     -5251.9193     -4317.4852       303.6628           -965.5156      -940.4029     22614.8646      -245.4741      -245.4132
ENERGY:   85000         0.0000         0.0000         0.0000         0.0000          -5647.4078       435.6681         0.0000         0.0000       939.6264          -4272.1133       298.5111     -5211.7396     -4271.2152       298.3620            139.3362       163.2385     22903.3856      -285.5371      -285.5111
ENERGY:   90000         0.0000         0.0000         0.0000         0.0000          -5607.0661       383.7559         0.0000         0.0000       955.2810          -4268.0292       303.4844     -5223.3102     -4266.1547       299.7490            142.8353       163.6120     22362.5419      -290.4871      -290.3389
ENERGY:   95000         0.0000         0.0000         0.0000         0.0000          -5547.8843       379.2375         0.0000         0.0000       909.5578          -4259.0889       288.9585     -5168.6468     -4257.0132       300.7689           -215.3808      -205.8583     22596.4385      -212.5703      -212.5215
ENERGY:  100000         0.0000         0.0000         0.0000         0.0000          -5597.4814       385.4399         0.0000         0.0000       950.4269          -4261.6146       301.9423     -5212.0416     -4258.1630       298.0301           -238.9693      -198.5960     22476.2492      -252.4569      -252.4189
ENERGY:  105000         0.0000         0.0000         0.0000         0.0000          -5639.5199       415.1202         0.0000         0.0000       949.7000          -4274.6998       301.7113     -5224.3997     -4272.4028       298.9442           -176.5709      -154.9799     22833.8971      -257.1225      -257.2548
ENERGY:  110000         0.0000         0.0000         0.0000         0.0000          -5665.1146       430.1534         0.0000         0.0000       932.8314          -4302.1298       296.3523     -5234.9612     -4299.5807       296.4625           -116.4905       -90.3442     22891.6104      -190.1926      -190.2070
ENERGY:  115000         0.0000         0.0000         0.0000         0.0000          -5590.4272       369.1717         0.0000         0.0000       925.6251          -4295.6305       294.0630     -5221.2556     -4293.0688       293.8323           -550.2527      -529.0320     22719.2266      -234.1483      -234.2375
ENERGY:  120000         0.0000         0.0000         0.0000         0.0000          -5633.1278       367.0345         0.0000         0.0000       950.3480          -4315.7453       301.9172     -5266.0933     -4313.6791       294.5583           -516.7553      -495.1572     22418.4739      -222.7182      -222.6865
ENERGY:  125000         0.0000         0.0000         0.0000         0.0000          -5603.2512       384.1795         0.0000         0.0000       945.5683          -4273.5034       300.3988     -5219.0717     -4273.0935       296.5233           -528.9547      -513.3931     22999.2614      -284.2425      -284.2180
ENERGY:  130000         0.0000         0.0000         0.0000         0.0000          -5596.4241       407.7229         0.0000         0.0000       978.5424          -4210.1587       310.8743     -5188.7011     -4207.7867       298.0029            -66.6385       -51.9676     22704.3951      -226.8833      -226.7109
ENERGY:  135000         0.0000         0.0000         0.0000         0.0000          -5550.1541       363.7559         0.0000         0.0000       893.8033          -4292.5949       283.9535     -5186.3982     -4290.7466       301.8992           -576.9545      -545.2342     22830.5871      -215.7542      -215.9102
ENERGY:  140000         0.0000         0.0000         0.0000         0.0000          -5622.2171       377.0925         0.0000         0.0000       901.0774          -4344.0472       286.2644     -5245.1246     -4342.5035       297.0731           -658.2892      -647.4400     22544.9103      -206.2155      -206.1779
ENERGY:  145000         0.0000         0.0000         0.0000         0.0000          -5589.5455       362.2161         0.0000         0.0000       961.3753          -4265.9542       305.4205     -5227.3295     -4263.4241       300.0934           -338.1594      -324.4038     22432.4185      -236.5086      -236.5784
ENERGY:  150000         0.0000         0.0000         0.0000         0.0000          -5630.5651       376.2292         0.0000         0.0000       945.6647          -4308.6712       300.4294     -5254.3359     -4306.4621       296.3235            -99.2472       -76.2515     22408.8218      -130.2234      -130.1506
ENERGY:  155000         0.0000         0.0000         0.0000         0.0000          -5650.4072       412.9967         0.0000         0.0000       894.6541          -4342.7564       284.2238     -5237.4106     -4341.7129       295.4721            223.2244       228.1839     22354.7763      -188.4016      -188.1435
ENERGY:  160000         0.0000         0.0000         0.0000         0.0000          -5638.5639       400.0343         0.0000         0.0000       937.9594          -4300.5702       297.9815     -5238.5296     -4298.1734       297.3443           -166.4857      -143.7242     22461.1032      -221.6755      -221.8104
ENERGY:  165000         0.0000         0.0000         0.0000         0.0000          -5630.4712       418.2499         0.0000         0.0000       894.1152          -4318.1061       284.0525     -5212.2213     -4315.3916       294.7604             60.8281        79.4204     22714.3606      -212.0740      -212.1235
ENERGY:  170000         0.0000         0.0000         0.0000         0.0000          -5613.3158       416.3661         0.0000         0.0000       926.4342          -4270.5155       294.3200     -5196.9497     -4267.6801       297.7642           -253.1986      -247.8501     22913.9517      -235.2500      -235.2893
ENERGY:  175000         0.0000         0.0000         0.0000         0.0000          -5612.8165       376.6084         0.0000         0.0000       936.4985          -4299.7096       297.5173     -5236.2081     -4298.6920       299.2043           -328.8928      -314.2815     22648.5953      -186.1402      -186.1493
ENERGY:  180000         0.0000         0.0000         0.0000         0.0000          -5522.4309       340.5823         0.0000         0.0000       934.6282          -4247.2204       296.9232     -5181.8486     -4244.1024       302.3554           -177.9570      -161.4996     22600.8575      -229.7431      -229.7585
ENERGY:  185000         0.0000         0.0000         0.0000         0.0000          -5599.5231       413.8964         0.0000         0.0000       926.1249          -4259.5018       294.2218     -5185.6268     -4256.5640       296.8768           -323.0488      -308.2264     22904.0630      -210.2711      -210.3208
ENERGY:  190000         0.0000         0.0000         0.0000         0.0000          -5519.8765       386.8203         0.0000         0.0000       932.2789          -4200.7773       296.1768     -5133.0561     -4199.0918       301.4540             68.2971        78.2013     22757.2765      -215.1319      -215.0445
ENERGY:  195000         0.0000         0.0000         0.0000         0.0000          -5516.1777       338.8566         0.0000         0.0000       972.6385          -4204.6826       308.9987     -5177.3211     -4202.5325       301.2275           -715.9884      -704.7283     22564.1294      -197.4487      -197.4563
ENERGY:  200000         0.0000         0.0000         0.0000         0.0000          -5508.2950       371.0450         0.0000         0.0000       934.3235          -4202.9265       296.8264     -5137.2500     -4200.5087       306.4857           -237.9612      -216.5720     22713.6767      -220.2489      -220.2038
ENERGY:  205000         0.0000         0.0000         0.0000         0.0000          -5646.3778       435.3353         0.0000         0.0000       913.6549          -4297.3876       290.2601     -5211.0425     -4295.2134       297.8056            225.7359       245.8356     22629.3907      -213.7377      -213.6427
ENERGY:  210000         0.0000         0.0000         0.0000         0.0000          -5553.5302       402.7974         0.0000         0.0000       944.3115          -4206.4213       299.9995     -5150.7327     -4203.8786       299.0686             87.3892       102.5178     22889.2167      -313.4982      -313.5964
ENERGY:  215000         0.0000         0.0000         0.0000         0.0000          -5567.7029       402.4134         0.0000         0.0000       932.5342          -4232.7554       296.2579     -5165.2896     -4230.5739       302.0104           -215.9217      -184.2658     22624.6132      -234.5595      -234.3818
ENERGY:  220000         0.0000         0.0000         0.0000         0.0000          -5576.1429       381.1274         0.0000         0.0000       960.1974          -4234.8181       305.0463     -5195.0155     -4233.1834       301.4404           -276.5703      -250.8297     22592.6864      -221.3495      -221.3660
ENERGY:  225000         0.0000         0.0000         0.0000         0.0000          -5530.5782       376.8110         0.0000         0.0000       983.9417          -4169.8255       312.5896     -5153.7672     -4167.6519       302.6167            108.3838       124.6618     22551.9287      -197.9410      -197.9198
ENERGY:  230000         0.0000         0.0000         0.0000         0.0000          -5570.8076       359.8283         0.0000         0.0000       880.8847          -4330.0946       279.8493     -5210.9793     -4328.4200       298.5988           -556.2172      -540.3116     22690.4693      -149.9665      -150.1021
ENERGY:  235000         0.0000         0.0000         0.0000         0.0000          -5616.1296       384.8731         0.0000         0.0000       970.0935          -4261.1631       308.1902     -5231.2566     -4258.4731       295.9777           -520.1614      -483.1837     22848.9090      -268.0366      -267.8500
ENERGY:  240000         0.0000         0.0000         0.0000         0.0000          -5579.3140       391.7576         0.0000         0.0000       939.9243          -4247.6322       298.6057     -5187.5565     -4244.9953       293.9995           -358.9689      -341.0273     22956.6163      -194.0384      -194.0616
ENERGY:  245000         0.0000         0.0000         0.0000         0.0000          -5589.8846       380.5531         0.0000         0.0000       936.5732          -4272.7584       297.5411     -5209.3315     -4271.1472       298.6787           -459.0541      -440.4111     22759.6338      -235.6642      -235.5922
ENERGY:  250000         0.0000         0.0000         0.0000         0.0000          -5617.5621       444.5414         0.0000         0.0000       921.9862          -4251.0345       292.9069     -5173.0207     -4249.7267       298.8637             46.0589        60.6673     23009.5163      -280.3088      -280.3258
ENERGY:  255000         0.0000         0.0000         0.0000         0.0000          -5558.4188       367.8787         0.0000         0.0000       979.8811          -4210.6590       311.2996     -5190.5402     -4207.6404       303.3158           -642.6709      -620.5712     22927.5616      -198.9780      -198.9077
ENERGY:  260000         0.0000         0.0000         0.0000         0.0000          -5593.6162       403.5664         0.0000         0.0000       916.6686          -4273.3811       291.2176     -5190.0497     -4271.3055       304.5352            -88.4733       -72.9334     22674.7155      -220.0740      -220.1684
ENERGY:  265000         0.0000         0.0000         0.0000         0.0000          -5521.2334       320.8072         0.0000         0.0000       890.9964          -4309.4298       283.0617     -5200.4262     -4307.8788       298.6836          -1001.3035      -994.8131     22855.2258      -271.4979      -271.6465
ENERGY:  270000         0.0000         0.0000         0.0000         0.0000          -5654.4610       460.8696         0.0000         0.0000       925.4000          -4268.1914       293.9914     -5193.5914     -4264.7760       301.4847            857.2974       868.8685     22520.8719      -232.7319      -232.6079
ENERGY:  275000         0.0000         0.0000         0.0000         0.0000          -5603.5907       448.6978         0.0000         0.0000       973.4630          -4181.4300       309.2606     -5154.8930     -4179.8303       306.7691            585.8719       599.1483     22771.2415      -213.0600      -213.0075
ENERGY:  280000         0.0000         0.0000         0.0000         0.0000          -5662.1240       424.8386         0.0000         0.0000       927.4628          -4309.8226       294.6468     -5237.2855     -4309.0632       298.5003            194.1234       203.7038     22642.6785      -223.0720      -223.2303
ENERGY:  285000         0.0000         0.0000         0.0000         0.0000          -5556.2167       371.8077         0.0000         0.0000       926.1330          -4258.2760       294.2243     -5184.4090     -4256.5033       297.0997           -662.5547      -642.7342     22951.5753      -222.4814      -222.4285
ENERGY:  290000         0.0000         0.0000         0.0000         0.0000          -5586.3519       350.5860         0.0000         0.0000       948.6869          -4287.0790       301.3895     -5235.7659     -4284.2881       302.1301           -690.1500      -681.0217     22637.8281      -216.8476      -216.8140
ENERGY:  295000         0.0000         0.0000         0.0000         0.0000          -5669.1902       401.6755         0.0000         0.0000       891.5132          -4376.0015       283.2259     -5267.5147     -4374.1828       298.3303           -394.8027      -367.7682     22599.6630      -217.6561      -217.6302
ENERGY:  300000         0.0000         0.0000         0.0000         0.0000          -5628.7535       443.4856         0.0000         0.0000       908.1181          -4277.1497       288.5012     -5185.2678     -4275.0485       297.7710            496.9536       530.7750     22743.6645      -254.2376      -254.2791
ENERGY:  305000         0.0000         0.0000         0.0000         0.0000          -5645.1296       405.9696         0.0000         0.0000       916.0133          -4323.1467       291.0094     -5239.1600     -4320.5371       296.0512            -82.6344       -67.4123     22556.0238      -217.4987      -217.3962
ENERGY:  310000         0.0000         0.0000         0.0000         0.0000          -5631.6387       370.9761         0.0000         0.0000       982.4396          -4278.2230       312.1124     -5260.6625     -4275.7061       296.1089           -738.8033      -724.3205     22517.1644      -213.4773      -213.4452
ENERGY:  315000         0.0000         0.0000         0.0000         0.0000          -5556.1699       375.5178         0.0000         0.0000       920.9026          -4259.7496       292.5627     -5180.6522     -4257.5079       296.9357           -262.9774      -235.3397     22520.4662      -205.7433      -205.7624
ENERGY:  320000         0.0000         0.0000         0.0000         0.0000          -5500.6708       356.6228         0.0000         0.0000       974.3464          -4169.7016       309.5413     -5144.0480     -4166.7239       301.3402           -300.6002      -285.5537     22756.9557      -240.8216      -240.8101
ENERGY:  325000         0.0000         0.0000         0.0000         0.0000          -5665.4103       445.2484         0.0000         0.0000       921.9176          -4298.2443       292.8851     -5220.1619     -4296.1612       302.9900           -255.5576      -235.7169     22898.4653      -210.0171      -210.0252
ENERGY:  330000         0.0000         0.0000         0.0000         0.0000          -5571.3826       387.9710         0.0000         0.0000       963.3170          -4220.0947       306.0373     -5183.4116     -4217.8848       300.9128           -115.8175      -102.9200     23081.8494      -224.6216      -224.6772
ENERGY:  335000         0.0000         0.0000         0.0000         0.0000          -5602.4819       377.1435         0.0000         0.0000       926.2904          -4299.0479       294.2743     -5225.3384     -4296.2734       301.8047           -614.8196      -589.2782     22674.3323      -207.0270      -206.8845
ENERGY:  340000         0.0000         0.0000         0.0000         0.0000          -5616.0134       412.2145         0.0000         0.0000       889.1660          -4314.6329       282.4802     -5203.7990     -4312.2134       295.6325             63.7380        91.7634     22869.5794      -250.1368      -250.2484
ENERGY:  345000         0.0000         0.0000         0.0000         0.0000          -5645.0728       396.8386         0.0000         0.0000       922.7788          -4325.4554       293.1587     -5248.2342     -4321.6580       295.1901           -237.9260      -203.7595     22534.5225      -216.6362      -216.7126
ENERGY:  350000         0.0000         0.0000         0.0000         0.0000          -5639.7118       388.6028         0.0000         0.0000       912.2107          -4338.8984       289.8013     -5251.1090     -4337.3418       294.6977           -185.7456      -160.7740     22375.0282      -177.8737      -177.9116
ENERGY:  355000         0.0000         0.0000         0.0000         0.0000          -5616.9793       405.7371         0.0000         0.0000       915.9572          -4295.2851       290.9915     -5211.2422     -4293.9850       296.0668           -140.1982      -121.5385     22679.3638      -235.3696      -235.3291
ENERGY:  360000         0.0000         0.0000         0.0000         0.0000          -5634.4108       339.4253         0.0000         0.0000       928.4498          -4366.5357       294.9604     -5294.9855     -4363.5701       294.6917           -982.3075      -975.0181     22471.0208      -210.3718      -210.4701
ENERGY:  365000         0.0000         0.0000         0.0000         0.0000          -5554.6522       349.3575         0.0000         0.0000       945.1720          -4260.1226       300.2729     -5205.2946     -4257.5915       298.4032           -837.2172      -820.0564     22825.8466      -220.4837      -220.5215
ENERGY:  370000         0.0000         0.0000         0.0000         0.0000          -5608.3628       437.8650         0.0000         0.0000       947.6375          -4222.8603       301.0561     -5170.4978     -4220.9320       296.4431            462.0485       491.9851     22742.1201      -155.3781      -155.1857
ENERGY:  375000         0.0000         0.0000         0.0000         0.0000          -5529.3695       370.1832         0.0000         0.0000       947.7706          -4211.4156       301.0984     -5159.1862     -4208.6466       301.9080           -494.6863      -476.0756     22757.8848      -222.0910      -222.1440
ENERGY:  380000         0.0000         0.0000         0.0000         0.0000          -5596.9789       378.1986         0.0000         0.0000       955.2324          -4263.5479       303.4690     -5218.7803     -4261.1030       301.3615           -295.4766      -273.5158     22673.6841      -257.0716      -257.0763
ENERGY:  385000         0.0000         0.0000         0.0000         0.0000          -5690.8597       456.8767         0.0000         0.0000       938.7576          -4295.2254       298.2350     -5233.9830     -4293.2252       297.2335            359.1859       377.0284     22653.7921      -168.5635      -168.5023
ENERGY:  390000         0.0000         0.0000         0.0000         0.0000          -5739.5120       416.3871         0.0000         0.0000       955.0732          -4368.0517       303.4184     -5323.1249     -4365.9132       296.5679            -47.2158       -39.7658     22430.4211      -136.3158      -136.2335
ENERGY:  395000         0.0000         0.0000         0.0000         0.0000          -5608.7011       427.1379         0.0000         0.0000       907.2781          -4274.2851       288.2343     -5181.5633     -4271.4113       294.3003            455.3720       466.2830     22479.9553      -238.6835      -238.8022
ENERGY:  400000         0.0000         0.0000         0.0000         0.0000          -5678.6558       397.2876         0.0000         0.0000       932.9578          -4348.4104       296.3925     -5281.3682     -4345.7900       300.7471           -384.2168      -362.1794     22559.7717      -184.3750      -184.4056
ENERGY:  405000         0.0000         0.0000         0.0000         0.0000          -5612.3198       391.1513         0.0000         0.0000       949.5485          -4271.6200       301.6632     -5221.1685     -4269.2893       297.3716             -1.7186        12.5276     22428.6499      -198.0422      -197.8583
ENERGY:  410000         0.0000         0.0000         0.0000         0.0000          -5604.9710       400.6464         0.0000         0.0000       929.7347          -4274.5899       295.3685     -5204.3246     -4272.6700       299.5478           -331.2842      -325.5929     22454.5154      -184.7574      -184.7740
ENERGY:  415000         0.0000         0.0000         0.0000         0.0000          -5610.3714       416.6902         0.0000         0.0000       908.6296          -4285.0516       288.6636     -5193.6812     -4282.1648       297.1807            -81.6260       -58.9947     22786.9684      -229.0884      -229.0160
ENERGY:  420000         0.0000         0.0000         0.0000         0.0000          -5573.7095       378.6624         0.0000         0.0000       944.5860          -4250.4610       300.0867     -5195.0470     -4247.3925       299.3981           -505.8977      -492.3270     22786.2222      -230.2599      -230.2861
ENERGY:  425000         0.0000         0.0000         0.0000         0.0000          -5607.1796       413.1290         0.0000         0.0000       912.9879          -4281.0627       290.0482     -5194.0506     -4279.8030       300.1180             46.2821        68.8622     22763.6002      -236.4399      -236.5061
ENERGY:  430000         0.0000         0.0000         0.0000         0.0000          -5544.2206       361.3743         0.0000         0.0000       950.1043          -4232.7420       301.8398     -5182.8463     -4231.5408       297.5618           -183.4873      -170.3244     22483.2125      -213.2405      -213.2829
ENERGY:  435000         0.0000         0.0000         0.0000         0.0000          -5562.6567       380.0696         0.0000         0.0000       923.0126          -4259.5745       293.2330     -5182.5871     -4256.9266       299.5809           -224.8762      -204.0267     22666.4655      -231.9604      -232.0059
ENERGY:  440000         0.0000         0.0000         0.0000         0.0000          -5669.9432       447.9856         0.0000         0.0000       918.1791          -4303.7785       291.6974     -5221.9575     -4301.0301       299.8227            396.0769       406.9598     22444.9634      -174.9440      -174.9405
ENERGY:  445000         0.0000         0.0000         0.0000         0.0000          -5641.8481       385.4128         0.0000         0.0000       943.4097          -4313.0256       299.7130     -5256.4354     -4312.3565       296.8448           -365.7497      -358.2901     22696.7611      -223.4346      -223.4504
ENERGY:  450000         0.0000         0.0000         0.0000         0.0000          -5647.2636       409.5158         0.0000         0.0000       965.2317          -4272.5161       306.6456     -5237.7478     -4270.2313       296.4390           -209.1188      -199.3276     22735.0044      -237.0066      -237.0943
ENERGY:  455000         0.0000         0.0000         0.0000         0.0000          -5640.8572       368.4735         0.0000         0.0000       955.8198          -4316.5639       303.6556     -5272.3837     -4315.5406       300.1900           -381.4698      -379.7213     22560.5104      -173.0004      -172.9476
ENERGY:  460000         0.0000         0.0000         0.0000         0.0000          -5632.9971       382.2125         0.0000         0.0000       973.8800          -4276.9047       309.3931     -5250.7847     -4274.8005       296.2549           -216.9984      -213.8036     22416.0060      -222.4519      -222.5474
ENERGY:  465000         0.0000         0.0000         0.0000         0.0000          -5641.2904       423.0904         0.0000         0.0000       946.0852          -4272.1148       300.5629     -5218.1999     -4269.0007       297.4769             51.1901        74.1662     22607.9147      -233.6195      -233.7788
ENERGY:  470000         0.0000         0.0000         0.0000         0.0000          -5576.4595       368.3552         0.0000         0.0000       913.7247          -4294.3797       290.2823     -5208.1044     -4292.7836       297.7606          -1018.6729     -1000.3123     22789.3310      -203.3762      -203.4187
ENERGY:  475000         0.0000         0.0000         0.0000         0.0000          -5555.0695       357.0464         0.0000         0.0000       949.9211          -4248.1020       301.7816     -5198.0231     -4247.2392       299.4981           -320.5163      -310.1883     22756.4729      -267.6452      -267.5870
ENERGY:  480000         0.0000         0.0000         0.0000         0.0000          -5533.7889       324.8488         0.0000         0.0000       960.0519          -4248.8883       305.0000     -5208.9401     -4246.6064       300.7745          -1144.2227     -1131.8099     22981.5915      -247.6058      -247.4839
ENERGY:  485000         0.0000         0.0000         0.0000         0.0000          -5627.1933       379.5196         0.0000         0.0000       976.7816          -4270.8920       310.3149     -5247.6736     -4268.6438       300.8189           -474.3634      -464.3290     22559.3837      -220.9191      -220.9246
ENERGY:  490000         0.0000         0.0000         0.0000         0.0000          -5535.9227       358.1984         0.0000         0.0000       928.7373          -4248.9870       295.0517     -5177.7243     -4246.0770       301.1166           -333.5205      -327.6452     22449.3903      -163.5550      -163.4736
ENERGY:  495000         0.0000         0.0000         0.0000         0.0000          -5631.4332       401.0999         0.0000         0.0000       952.7432          -4277.5901       302.6781     -5230.3333     -4274.9295       299.5921           -255.3014      -237.2490     22798.2514      -153.3810      -153.2140
ENERGY:  500000         0.0000         0.0000         0.0000         0.0000          -5570.8762       415.7296         0.0000         0.0000       979.0356          -4176.1110       311.0310     -5155.1466     -4174.2241       298.3576            375.2972       392.4084     22774.8499      -191.8082      -191.8538
